lastAccountName: SmallMaple
timestamps:
  login: 1466169462662
  logout: 1466169622587
ipAddress: 36.238.26.105
logoutlocation:
  world: world
  x: 127.33338343225088
  y: 68.0
  z: 135.55687280074142
  yaw: 121.721214
  pitch: 20.399982
