geolocation: Taiwan
lastAccountName: Wei0530
timestamps:
  login: 1465972283571
  logout: 1465972322905
ipAddress: 122.254.4.165
logoutlocation:
  world: world
  x: 398.814244160012
  y: 88.89493584569428
  z: 231.2882517301176
  yaw: 77.416504
  pitch: 33.626167
