lastAccountName: Christmas
timestamps:
  login: 1465987170741
  lastteleport: 1465980068296
  logout: 1465988040930
ipAddress: 36.236.228.25
geolocation: Taiwan
lastlocation:
  world: world
  x: 315.6502492429394
  y: 11.0
  z: 300.44330664204017
  yaw: 11.265503
  pitch: 12.900016
logoutlocation:
  world: world
  x: -211.60952667744175
  y: 73.0
  z: 124.20754911526798
  yaw: 114.14508
  pitch: 58.649883
