socialspy: false
timestamps:
  login: 1465647017422
  logout: 1465647422406
ipAddress: 61.227.18.85
lastlocation:
  world: world
  x: 207.5
  y: 74.0
  z: 232.5
  yaw: 0.0
  pitch: 0.0
logoutlocation:
  world: world
  x: 200.0
  y: 77.0
  z: 224.0
  yaw: -257.99997
  pitch: 29.849998
