socialspy: false
timestamps:
  login: 1465725752626
  logout: 1465726189049
  lastteleport: 1465726111308
ipAddress: 101.15.96.58
lastlocation:
  world: world
  x: 200.0
  y: 77.0
  z: 224.0
  yaw: 0.0
  pitch: 0.0
logoutlocation:
  world: world
  x: 357.5311228727117
  y: 65.0
  z: 168.95621531200035
  yaw: -326.55
  pitch: 18.749985
