spawns: 
  default: 
    world: world
    x: 204.32887845172021
    y: 69.0
    z: 125.89146585109998
    yaw: 270.4552
    pitch: -32.099957
